[[  9.  56.   6.  21. 267. 297.  70.  39. 103. 132.]
 [ 66.   4.   4.   8. 481. 136.  17.  18. 107. 159.]
 [ 19.  19.   2.   6. 171. 143.  12.  15. 207. 406.]
 [111.  22.  10.   4. 153.  79.   8.  29. 280. 304.]
 [ 23.  33.   4.   4. 118.  60.   9.  11. 314. 424.]
 [ 80.  29.  10.   5. 120.  65.   4.  35. 328. 324.]
 [ 75.   6.   4.   5. 115.  55.   1.  15. 239. 485.]
 [ 28.  20.   5.   5. 136.  67.   5.   9. 385. 340.]
 [ 22.  13.   5.  12. 584. 159.  38.  45.  70.  52.]
 [ 23.   3.   6.   8. 565. 159.  15.   4.  78. 139.]]

best results | [(4, 6242), (9, 9445), (4, 9417)]
bad results | [(4, 1122), (9, 2075), (9, 8479)]
Первое значение - номер класса, второе - индекс изображения в выборке

ACCURACY TEST = 0.0421